Topsar360m.txt
ncols 35
nrows 21
xllcorner     314540
yllcorner     4163525
cellsize      120
NODATA_value  -9999
2793 2755 2730 2602 2538 2463 2389 2485 2619 2744 2856 2831 2779 2748 2711 2667 2642 2637 2605 2611 2566 2554 2524 2642 2766 2745 2662 2558 2554 2584 2589 2602 2594 2580 2531 
2782 2734 2730 2654 2489 2403 2437 2460 2580 2697 2848 2748 2776 2699 2690 2658 2646 2642 2636 2627 2581 2580 2555 2665 2796 2819 2805 2608 2506 2572 2598 2633 2567 2582 2531 
2716 2716 2738 2608 2408 2363 2468 2425 2550 2708 2821 2760 2709 2686 2679 2657 2650 2634 2640 2626 2602 2590 2652 2684 2669 2760 2745 2588 2495 2590 2647 2636 2536 2517 2476 
2652 2702 2778 2597 2408 2348 2441 2380 2589 2729 2797 2767 2696 2677 2677 2677 2652 2651 2643 2624 2625 2673 2762 2711 2625 2584 2543 2534 2504 2589 2644 2595 2479 2459 2488 
2589 2655 2770 2647 2491 2341 2357 2401 2540 2704 2783 2780 2690 2733 2726 2701 2680 2675 2666 2644 2660 2680 2711 2682 2622 2581 2525 2504 2469 2462 2580 2605 2468 2470 2450 
2511 2587 2682 2549 2397 2372 2327 2438 2558 2705 2798 2799 2792 2759 2734 2707 2699 2724 2668 2673 2675 2686 2642 2637 2607 2589 2526 2487 2461 2445 2441 2434 2437 2481 2398 
2463 2522 2566 2492 2406 2383 2330 2359 2520 2695 2786 2855 2833 2793 2761 2730 2755 2796 2705 2690 2692 2665 2645 2624 2567 2532 2490 2470 2461 2430 2413 2397 2382 2376 2370 
2489 2481 2468 2411 2347 2309 2313 2350 2505 2685 2822 2896 2860 2850 2796 2826 2876 2862 2781 2754 2749 2705 2676 2623 2535 2534 2514 2477 2457 2414 2402 2387 2384 2369 2359 
2531 2484 2429 2328 2301 2340 2327 2377 2509 2717 2809 2816 2889 2926 2880 2920 2985 2915 2913 2842 2818 2770 2681 2617 2609 2578 2499 2455 2439 2425 2396 2396 2377 2378 2374 
2576 2517 2411 2306 2318 2347 2340 2395 2528 2711 2834 2820 2884 3045 3052 2999 3018 3015 2914 2885 2925 2935 2749 2708 2650 2595 2508 2468 2446 2430 2410 2402 2381 2375 2378 
2555 2462 2386 2322 2339 2370 2388 2429 2540 2752 2854 2935 2909 3008 3145 3207 3123 3141 3044 3001 3030 2929 2775 2725 2652 2553 2503 2446 2447 2428 2421 2397 2384 2369 2362 
2553 2462 2409 2327 2300 2345 2365 2388 2531 2737 2970 3011 2978 3034 3110 3224 3302 3195 3137 3000 2922 2862 2755 2681 2617 2521 2447 2428 2416 2398 2390 2383 2379 2376 2362 
2537 2483 2498 2329 2337 2370 2310 2336 2477 2678 2848 2923 2906 3015 3056 3122 3253 3308 3175 3013 2905 2804 2728 2667 2553 2478 2443 2418 2421 2403 2395 2383 2377 2376 2367 
2508 2446 2460 2342 2369 2333 2338 2346 2442 2645 2758 2786 2860 2914 2930 3021 3173 3280 3182 3121 2924 2796 2724 2645 2573 2561 2463 2486 2424 2426 2387 2380 2381 2376 2380 
2442 2401 2426 2341 2290 2295 2329 2347 2487 2619 2703 2726 2782 2816 2871 2958 3026 3061 3009 2948 2937 2927 2855 2594 2631 2582 2514 2531 2521 2405 2388 2391 2389 2398 2414 
2409 2420 2409 2354 2276 2317 2304 2368 2471 2606 2663 2715 2767 2811 2859 2889 2908 2915 2898 2859 2779 2790 2648 2609 2668 2650 2547 2541 2427 2401 2404 2437 2457 2470 2457 
2349 2386 2396 2312 2254 2312 2340 2413 2501 2589 2661 2729 2752 2789 2817 2837 2878 2897 2841 2781 2727 2712 2616 2615 2647 2614 2629 2524 2439 2450 2500 2503 2498 2531 2442 
2325 2325 2372 2282 2248 2281 2351 2422 2490 2575 2671 2713 2752 2774 2791 2826 2852 2850 2794 2740 2726 2716 2633 2615 2682 2757 2813 2735 2637 2594 2565 2628 2596 2567 2623 
2301 2264 2320 2257 2238 2277 2336 2415 2470 2525 2578 2700 2708 2764 2806 2824 2837 2834 2786 2738 2707 2729 2695 2699 2688 2796 2969 2878 2785 2709 2698 2793 2699 2734 2816 
2288 2217 2237 2244 2242 2265 2342 2408 2456 2487 2648 2692 2706 2774 2892 2851 2880 2822 2826 2734 2729 2746 2693 2708 2701 2771 2960 3026 2964 2834 2922 2855 2883 2962 2882 
2411 2211 2206 2209 2237 2277 2351 2391 2428 2495 2651 2684 2712 2824 2945 3015 3083 2964 2921 2841 2790 2766 2739 2697 2694 2737 2812 2983 3048 3051 3009 2934 2983 3014 2776 